date,grid_original_kwh,grid_effective_kwh,emergency_kwh,original_cost_yuan,increase_cost_yuan,decrease_adjustment_yuan,contract_cost_yuan,emergency_cost_yuan,total_cost_yuan,charge_actual_kwh,discharge_actual_kwh,surplus_kwh,unused_grid_kwh,pv_curtailment_kwh,energy_start_actual_kwh,energy_end_actual_kwh
2025-02-01,39381.240713513536,39381.240713513536,0.0,21743.061417171037,0.0,0.0,21743.061417171037,0.0,21743.061417171037,13402.54786783187,15187.947263201426,6788.464175549762,3146.792286839191,3641.6718887105712,7268.4231640740745,2455.219286010067
2025-02-02,90531.3192595764,90531.3192595764,0.0,57705.35447298202,0.0,0.0,57705.35447298202,0.0,57705.35447298202,21114.856801232203,16930.883471162084,7991.067979506277,7931.89391283961,59.17406666666693,2455.219286010067,2646.4976613834006
2025-02-03,92232.16285589035,92232.16285589035,0.0,58950.10192053852,0.0,0.0,58950.10192053852,0.0,58950.10192053852,21082.572050781757,17284.84012363685,8217.51442874544,8217.51442874544,0.0,2646.4976613834006,2415.4345919349275
2025-02-04,95644.49727246683,95644.49727246683,0.0,61697.666105605684,0.0,0.0,61697.666105605684,0.0,61697.666105605684,21593.773217058893,17386.261064901388,10242.121170309329,10241.769386975995,0.3517833333332874,2415.4345919349275,2531.762637397505
2025-02-05,88963.17083802684,88963.17083802684,0.0,56892.781923057686,0.0,0.0,56892.781923057686,0.0,56892.781923057686,21816.704664300803,18016.997825688726,4415.037016081433,4412.984516081433,2.0525000000000375,2531.762637397505,2147.910362280746
2025-02-06,95787.57079741466,95787.57079741466,0.0,61722.43883278995,0.0,0.0,61722.43883278995,0.0,61722.43883278995,21299.700420311256,17027.772475368034,11244.58563580478,11243.184819138112,1.4008166666669695,2147.910362280746,2397.893545707503
2025-02-07,44937.0313199213,44937.0313199213,0.0,23984.366465287818,0.0,0.0,23984.366465287818,0.0,23984.366465287818,18180.142977715655,15305.805188959523,10257.013864498498,4246.982581165164,6010.031283333334,2397.893545707503,1753.5720156965667
2025-02-08,35459.57721151611,35459.57721151611,386.92842273367546,18386.875154868587,0.0,0.0,18386.875154868587,2000.444334284499,20387.319489153087,18858.234204961725,15692.668671754065,1103.7773843754612,0.2739919710755885,1103.5033924043857,1753.5720156965667,1289.6842759909355
2025-02-09,87694.28605628065,87694.28605628065,60.89622905293038,55357.27478827216,0.0,0.0,55357.27478827216,373.358935388782,55730.63372366094,22326.133761674486,17770.59901330948,3644.2315703018917,3644.2315703018917,0.0,1289.6842759909355,1638.0946467096662
2025-02-10,84628.71375163233,84628.71375163233,0.0,53446.991057442785,0.0,0.0,53446.991057442785,0.0,53446.991057442785,21033.755800839615,17046.311097092334,6314.631464551716,5986.5067645517165,328.12469999999996,1638.0946467096662,1628.1292040293933
2025-02-11,84518.37848161934,84518.37848161934,335.37528939783095,53698.64763854965,0.0,0.0,53698.64763854965,1783.2542048227406,55481.90184337239,22456.514980242773,18260.912568868513,5437.554226309567,5361.981709642901,75.57251666666664,1628.1292040293933,1549.089831949546
2025-02-12,85132.31890663135,85132.31890663135,0.0,53763.50874430546,0.0,0.0,53763.50874430546,0.0,53763.50874430546,21666.130514469358,17608.5142583737,5807.966517202352,5521.272717202352,286.6937999999998,1549.089831949546,1483.591452334526
2025-02-13,80092.51540084406,80092.51540084406,17.129744428719505,49897.5951494598,0.0,0.0,49897.5951494598,48.888290599565465,49946.48344005936,20990.510853856857,16915.297314020485,4704.952588769739,4453.579272103072,251.37331666666694,1483.591452334526,1580.2764274496003
2025-02-14,36110.42332528035,36110.42332528035,391.77683938977594,18674.49205024617,0.0,0.0,18674.49205024617,1703.7116747952748,20378.203725041443,18338.79351393443,15196.67153099153,3558.2763650605643,74.80350368639984,3483.4728613741645,1580.2764274496003,1200.0
2025-02-15,37249.357890279614,37249.357890279614,109.07401224391634,19573.132005264815,0.0,0.0,19573.132005264815,340.6310009804034,19913.76300624522,18436.57826952187,14933.628398312712,4575.390931314375,912.6751068649893,3662.7158244493858,1200.0,1200.0
2025-02-16,86249.23574360316,86249.23574360316,24.36133829580399,54162.75170604778,0.0,0.0,54162.75170604778,130.84474798676322,54293.59645403454,22345.619295723533,17622.011372695513,6172.610058870949,6142.070892204282,30.53916666666646,1200.0,1731.0447298228291
2025-02-17,85217.39586800964,85217.39586800964,11.075791592875476,53261.07664614852,0.0,0.0,53261.07664614852,24.20614252622935,53285.28278867475,19030.293881931822,15615.53709732072,10629.851708324746,9747.743424991413,882.1082833333339,1731.0447298228291,1507.7124487606786
2025-02-18,75976.65846772594,75976.65846772594,223.28909043865423,47593.33473686038,0.0,0.0,47593.33473686038,1025.901406093133,48619.23614295351,21023.632992518356,16921.27294759673,6.199729909636517,6.199729909636517,0.0,1507.7124487606786,1627.5677558086024
2025-02-19,76469.42613542142,76469.42613542142,395.2514986936524,47919.83175165419,0.0,0.0,47919.83175165419,1571.841420172595,49491.673171826784,22133.85961778733,18291.391640926213,142.8822739206321,142.8822739206321,0.0,1627.5677558086024,1224.2729218991828
2025-02-20,80218.66185411635,80218.66185411635,136.96413395980733,49639.99063855694,0.0,0.0,49639.99063855694,784.2376203135163,50424.22825887046,21210.313274526405,16939.199203222048,5091.378183438469,4537.784283438468,553.5939000000001,1224.2729218991828,1492.2224209484502
2025-02-21,33961.248595439174,33961.248595439174,338.0314999335916,17590.433714233055,0.0,0.0,17590.433714233055,762.3903022667653,18352.82401649982,17986.54233794539,14756.92089084928,5509.396614943319,0.0,5509.396614943319,1492.2224209484502,1283.5317574889898
2025-02-22,35212.761839638166,35212.761839638166,171.5383233193559,18511.853962097226,0.0,0.0,18511.853962097226,420.9455999915386,18932.799562088763,18162.364613998492,14391.420406374362,3768.5930720000574,645.3879220000558,3123.2051500000016,1283.5317574889898,1639.1927918938966
2025-02-23,79051.7600712646,79051.7600712646,75.56256664992529,49264.176399520446,0.0,0.0,49264.176399520446,368.0911199108854,49632.26751943133,22258.96464903269,17982.713009079376,3319.217314627867,3319.217314627867,0.0,1639.1927918938966,1691.4687437128985
2025-02-24,75146.82271059953,75146.82271059953,0.0,47286.613023361955,0.0,0.0,47286.613023361955,0.0,47286.613023361955,20227.687579030615,16394.18683504639,3110.288349948644,2393.994000792805,716.294349155839,1691.4687437128985,1680.6244147889154
2025-02-25,78467.1919363353,78467.1919363353,16.72354431043709,48962.38573847256,0.0,0.0,48962.38573847256,36.33372667513887,48998.719465147704,18692.798118248873,15253.37688225901,9223.17101132253,7075.444844655864,2147.7261666666664,1680.6244147889154,1555.9461853695543
2025-02-26,72036.8986497885,72036.8986497885,869.0684921355326,44556.728052498715,0.0,0.0,44556.728052498715,4123.534253502362,48680.262306001074,20699.405540605512,16608.286432014815,0.0,0.0,0.0,1555.9461853695543,1731.7595807869313
2025-02-27,72436.70750697648,72436.70750697648,43.04018142667896,45079.20319496284,0.0,0.0,45079.20319496284,173.4336003943171,45252.63679535716,21878.120657823885,17809.77263893238,1454.8154695116643,782.983062961878,671.8324065497865,1731.7595807869313,1633.431907348011
2025-02-28,32917.3541565041,32917.3541565041,346.0400443911121,17186.74523020958,0.0,0.0,17186.74523020958,1012.3525928862517,18199.09782309583,17175.974898997283,13978.812223880312,6773.637975778246,270.4476257782431,6503.190350000003,1633.431907348011,1559.795734356334
2025-03-01,37997.60579717727,37997.60579717727,0.0,19703.38816568117,0.0,0.0,19703.38816568117,0.0,19703.38816568117,16473.739349395775,13173.00201692968,11038.102531377835,1328.9074064049948,9709.19512497284,1559.795734356334,1749.4922411128823
2025-03-02,81682.124982905,81682.124982905,0.0,51231.08742288071,0.0,0.0,51231.08742288071,0.0,51231.08742288071,21748.239046400297,17623.713072074966,5199.29194191301,5199.29194191301,0.0,1749.4922411128823,1741.0039694565219
2025-03-03,83778.89848672097,83778.89848672097,357.57119400119313,52477.922618273216,0.0,0.0,52477.922618273216,1635.1660294010762,54113.08864767429,20435.05200217091,16802.22835990536,8486.499405123268,7896.971821789934,589.527583333333,1741.0039694565219,1463.4081492932708
2025-03-04,74858.82902050864,74858.82902050864,14.737919615612213,46644.28089971505,0.0,0.0,46644.28089971505,54.5846157810257,46698.86551549608,21306.745080461107,16914.721249314694,1282.0851756444972,681.402075644497,600.6831000000002,1463.4081492932708,1845.344000247495
2025-03-05,78516.12236825592,78516.12236825592,0.0,49088.8132671126,0.0,0.0,49088.8132671126,0.0,49088.8132671126,18919.71370485696,15437.523070919224,8903.45971765152,8146.513284318186,756.9464333333342,1845.344000247495,1720.2829224862912
2025-03-06,73226.01427222852,73226.01427222852,19.756924924850182,45492.30751804506,0.0,0.0,45492.30751804506,42.901353054679376,45535.20887109974,20499.960756299213,16710.889026014618,3516.0453335354377,2916.643866868771,599.4014666666666,1720.2829224862912,1602.5931298060163
2025-03-07,33933.57310073628,33933.57310073628,0.0,18134.197260087945,0.0,0.0,18134.197260087945,0.0,18134.197260087945,15648.951050939775,12548.918093796567,9911.254610259737,1653.665698187743,8257.588912071995,1602.5931298060163,1743.4067492111826
2025-03-08,30724.378812190298,30724.378812190298,386.4749044316192,16166.520342809028,0.0,0.0,16166.520342809028,1034.8598281550223,17201.38017096405,15963.262859273564,12757.630634877878,8842.081975559566,95.974492226232,8746.107483333333,1743.4067492111826,1935.1981726930808
2025-03-09,74876.93806800777,74876.93806800777,0.0,46270.153811912154,0.0,0.0,46270.153811912154,0.0,46270.153811912154,20679.67761642883,16582.774614778493,7446.5100163574425,6093.506637319658,1353.0033790377847,1935.1981726930808,2121.602899947376
2025-03-10,71478.6884690826,71478.6884690826,678.1931138771453,43953.75462503604,0.0,0.0,43953.75462503604,3196.001229994372,47149.75585503042,21031.10747534321,17497.681611498694,581.3842691152221,581.3842691152221,0.0,2121.602899947376,1607.731170535498
2025-03-11,64071.18171206023,64071.18171206023,3635.6124504351155,39623.495907451106,0.0,0.0,39623.495907451106,22576.753710120356,62200.24961757146,17884.2064595351,14391.68820603636,275.3571089966093,275.3571089966093,0.0,1607.731170535498,1712.7523107433526
2025-03-12,73453.46332962804,73453.46332962804,8.1278966219857,45457.05117688693,0.0,0.0,45457.05117688693,17.806504623310175,45474.85768151024,19989.831776017934,16241.546297601677,7277.771064500433,5744.624547833767,1533.1465166666662,1712.7523107433526,1657.438356268743
2025-03-13,73189.11468699622,73189.11468699622,9.023383333333413,44885.240995339336,0.0,0.0,44885.240995339336,45.125940050000395,44930.366935389335,20398.829109944327,16634.79403240691,1888.4849761254686,1782.4876261254688,105.99734999999977,1657.438356268743,1533.2800747665153
2025-03-14,29539.025446668184,29539.025446668184,410.48598756439674,15389.465895708405,0.0,0.0,15389.465895708405,946.5878866630949,16336.053782371499,15434.134707437875,12512.691236381568,10998.64197984294,105.59606851198372,10893.045911330955,1533.2800747665153,1521.0110488144253
2025-03-15,30170.538998272015,30170.538998272015,269.52954900412374,15458.361199162127,0.0,0.0,15458.361199162127,1289.2461805283044,16747.60737969043,15598.134011255148,12905.854717736229,6823.66410375722,0.0,6823.66410375722,1521.0110488144253,1219.4930836815838
2025-03-16,70944.59756145165,70944.59756145165,25.74005327447778,43804.191980587755,0.0,0.0,43804.191980587755,110.32235601167258,43914.51433659943,21664.8905512115,16633.743341408215,2588.1434715895125,2588.1434715895125,0.0,1219.4930836815838,2235.9575337628153
2025-03-17,65771.46574674612,65771.46574674612,33.16420360101129,39763.64095982179,0.0,0.0,39763.64095982179,129.72178238535565,39893.362742207144,20564.99783765804,16833.90086137381,4215.401540729564,2695.0729407295635,1520.3286,2235.9575337628153,2040.1212972397036
2025-03-18,73813.24014186823,73813.24014186823,0.0,45731.61738957703,0.0,0.0,45731.61738957703,0.0,45731.61738957703,17970.498942722657,14769.767252304799,9486.550084783701,6745.937532802351,2740.6125519813504,2040.1212972397036,1802.717843129204
2025-03-19,61598.14470176491,61598.14470176491,1577.2948018526008,38081.944261688936,0.0,0.0,38081.944261688936,9216.533109939604,47298.47737162854,19137.442387199906,15572.799214917608,145.3258813352105,145.3258813352105,0.0,1802.717843129204,1723.3057528117683
2025-03-20,70197.47916261843,70197.47916261843,259.83991967487833,43547.11410091505,0.0,0.0,43547.11410091505,1266.9067327829166,44814.02083369797,21500.036444623755,16959.771421885125,3708.092242888018,3708.092242888018,0.0,1723.3057528117683,2229.1480842118935
2025-03-21,28186.442092356192,28186.442092356192,637.9266638072279,14793.762423193233,0.0,0.0,14793.762423193233,1657.064519144465,16450.8269423377,14107.307790028268,12228.829095143563,14912.42554461205,643.6067779453855,14268.818766666665,2229.1480842118935,1338.1372117444837
2025-03-22,31036.451997256136,31036.451997256136,0.0,16318.7558603094,0.0,0.0,16318.7558603094,0.0,16318.7558603094,15549.30501073436,11772.614177791605,11378.561430980048,633.0882560338637,10745.473174946184,1338.1372117444837,2251.8293016369576
2025-03-23,70877.05152263725,70877.05152263725,0.0,43582.124732442724,0.0,0.0,43582.124732442724,0.0,43582.124732442724,18537.741012573842,15371.922457629507,8941.512851026253,6041.272284359586,2900.2405666666664,2251.8293016369576,1855.8823711428508
2025-03-24,66961.58840055615,66961.58840055615,0.0,41055.85285517262,0.0,0.0,41055.85285517262,0.0,41055.85285517262,19729.69557044057,16013.19861822875,5246.5943650110075,2846.5275075111554,2400.0668574998517,1855.8823711428508,1820.1654753963105
2025-03-25,73975.41203637337,73975.41203637337,6.617726408257795,45482.28016614498,0.0,0.0,45482.28016614498,14.472967654859799,45496.75313379984,19090.650522607364,15662.377447313203,9603.631970820805,6955.006287487472,2648.6256833333337,1820.1654753963105,1599.109337617154
2025-03-26,63702.451926081616,63702.451926081616,238.26494871878958,39074.20599073738,0.0,0.0,39074.20599073738,1225.8376452192852,40300.04363595666,20967.49996682698,16891.42156536619,4272.083606672948,3728.1483919436664,543.9352147292813,1599.109337617154,1701.6131240212374
2025-03-27,67804.90475572809,67804.90475572809,10.236485392437135,41780.296337191365,0.0,0.0,41780.296337191365,22.351365854386486,41802.64770304575,18837.784232872185,15085.327501468842,5345.695109717179,3522.576285172491,1823.118824544687,1701.6131240212374,1894.1439319741562
2025-03-28,29060.614490714746,29060.614490714746,123.17348666046838,14937.87800276713,0.0,0.0,14937.87800276713,270.1624432765026,15208.040446043631,14675.928282902529,12032.521394176227,15718.500321982248,248.92963262384222,15469.570689358407,1894.1439319741562,1733.0111708350687
2025-03-29,27987.733952449104,27987.733952449104,621.3098630392876,14069.308010669252,0.0,0.0,14069.308010669252,2599.3861350792326,16668.694145748486,14070.365463871904,11686.539294832866,18518.00846311602,0.0,18518.00846311602,1733.0111708350687,1411.2964273943749
2025-03-30,67444.11237708757,67444.11237708757,0.0,40885.72428227766,0.0,0.0,40885.72428227766,0.0,40885.72428227766,19543.793996166663,15157.61015810232,7712.3088390232315,4459.151764344642,3253.1570746785887,1411.2964273943749,2158.92195938623
2025-03-31,57713.063140612336,57713.063140612336,2132.5975380954283,35335.79037117668,0.0,0.0,35335.79037117668,12750.462303416674,48086.25267459335,17383.146347038102,14488.875151663668,0.0,0.0,0.0,2158.92195938623,1705.0035032053315
2025-04-01,71602.49383920821,71602.49383920821,14.632575507296451,43072.618897952154,0.0,0.0,43072.618897952154,41.761370497824075,43114.38026844998,17632.455958061706,14201.898300597783,7977.717240584921,6328.678540584921,1649.0386999999992,1705.0035032053315,1794.326864796656
2025-04-02,67482.95326505863,67482.95326505863,0.0,40929.178997584146,0.0,0.0,40929.178997584146,0.0,40929.178997584146,18876.475309292342,15477.041313734499,3648.1838695007996,1778.662352834133,1869.5215166666667,1794.326864796656,1586.442072343651
2025-04-03,68921.73335158917,68921.73335158917,0.0,42514.13897460525,0.0,0.0,42514.13897460525,0.0,42514.13897460525,18465.351753759784,14775.439848174727,9368.291179337448,5876.75171267078,3491.539466666667,1586.442072343651,1788.1032638666518
2025-04-04,26966.279039972153,26966.279039972153,189.62701234262738,13513.914911562388,0.0,0.0,13513.914911562388,417.3474286229813,13931.262340185369,14033.500295388487,11686.434229804054,18378.037736730344,0.0,18378.037736730344,1788.1032638666518,1433.3266077117855
2025-04-05,27827.783422152683,27827.783422152683,133.13351891042882,13933.184169440177,0.0,0.0,13933.184169440177,618.1162216592351,14551.300391099412,14021.65629637908,11456.833199575107,13351.978860925803,0.0,13351.978860925803,1433.3266077117855,1323.0026082583945
2025-04-06,66227.4036667265,66227.4036667265,0.0,39523.02194534117,0.0,0.0,39523.02194534117,0.0,39523.02194534117,19635.07254156465,15536.3589235282,7718.6137820233835,4411.6054056406765,3307.0083763827065,1323.0026082583945,1731.9468695241242
2025-04-07,57416.86003198599,57416.86003198599,604.1973597145798,34459.174054012714,0.0,0.0,34459.174054012714,2941.4613474289395,37400.63540144166,19097.768435008442,15921.420590340585,1601.9902636993838,2.7339627503531574,1599.2563009490304,1731.9468695241242,1229.471138431068
2025-04-08,67317.25720563097,67317.25720563097,0.0,41018.390376515,0.0,0.0,41018.390376515,0.0,41018.390376515,19132.16462775204,15339.132500204327,9171.031461416598,5625.195561416597,3545.8359000000005,1229.471138431068,1404.9387476253273
2025-04-09,65724.37622965757,65724.37622965757,0.0,39729.82940792729,0.0,0.0,39729.82940792729,0.0,39729.82940792729,20146.32084371007,16241.14942888115,2684.8937981619815,2684.8937981619815,0.0,1404.9387476253273,1490.905919318667
2025-04-10,63856.62681830633,63856.62681830633,0.0,39169.36041682701,0.0,0.0,39169.36041682701,0.0,39169.36041682701,19888.71852733278,15752.110280450124,5259.380671423673,3226.4477932728514,2032.9328781508218,1490.905919318667,1888.4078378624758
2025-04-11,25754.455257640195,25754.455257640195,547.9622269367987,12728.718251300896,0.0,0.0,12728.718251300896,3020.6006018114317,15749.318853112327,13445.73938521267,11454.340800635675,18994.368733333333,0.0,18994.368733333333,1888.4078378624758,1262.5279505142375
2025-04-12,28700.729945764186,28700.729945764186,0.0,14708.797866020244,0.0,0.0,14708.797866020244,0.0,14708.797866020244,13631.913722468043,10413.73415910111,16457.38983239725,661.2153449093892,15796.17448748786,1262.5279505142375,1960.4345684009081
2025-04-13,60252.823714915794,60252.823714915794,111.3142984137747,36135.754169675725,0.0,0.0,36135.754169675725,499.61482951108576,36635.36899918681,19103.923120850388,15815.959952470133,2799.8163616159814,1089.1086068207326,1710.7077547952488,1960.4345684009081,1580.6765410883272
2025-04-14,63672.21213035785,63672.21213035785,0.0,38630.99457292442,0.0,0.0,38630.99457292442,0.0,38630.99457292442,18174.981604068325,14684.261602150516,7653.460328440044,4386.828978440044,3266.63135,1580.6765410883272,1622.3137601381338
2025-04-15,56061.44751653234,56061.44751653234,834.6197917937114,33558.614087878166,0.0,0.0,33558.614087878166,3800.1122191761824,37358.72630705434,18904.00346991653,15220.162472237851,3072.797477314035,847.4109439807016,2225.3865333333333,1622.3137601381338,1724.6252472431809
2025-04-16,62284.54909005002,62284.54909005002,9.14851242155819,36887.6226355089,0.0,0.0,36887.6226355089,35.51452522048889,36923.13716072939,19245.00989586734,15814.941955792085,3084.0377123963253,908.5131957296587,2175.524516666667,1724.6252472431809,1472.9764248659037
2025-04-17,56277.48275523263,56277.48275523263,431.1259281819374,34390.482207588,0.0,0.0,34390.482207588,2597.554365450547,36988.036573038546,19531.357533872633,15691.091200458064,0.0,0.0,0.0,1472.9764248659037,1616.6524270645368
2025-04-18,26585.600363608115,26585.600363608115,135.09733224164438,13132.884442569366,0.0,0.0,13132.884442569366,293.35363981221394,13426.23808238158,13506.009375546622,10560.252723173122,17420.823860142926,53.18125182858077,17367.642608314345,1616.6524270645368,2038.4467281974732
2025-04-19,25266.93053632342,25266.93053632342,194.87196931998432,12178.096354259507,0.0,0.0,12178.096354259507,1249.2121691161851,13427.308523375692,12914.753979158317,11026.363902152912,16788.733178638002,0.0,16788.733178638002,2038.4467281974732,1410.209862603385
2025-04-20,57586.50376775158,57586.50376775158,0.0,34526.681726775314,0.0,0.0,34526.681726775314,0.0,34526.681726775314,20511.91087398281,16061.312894075418,1178.1609045108544,268.95461011344645,909.2062943974079,1410.209862603385,2025.0264335485617
2025-04-21,60869.6204846649,60869.6204846649,8.958511992434751,36554.230490160284,0.0,0.0,36554.230490160284,19.265280039730932,36573.49577020002,17768.013590676204,14761.182813090218,9354.837835738006,4879.276327951384,4475.561507786623,2025.0264335485617,1614.924428390242
2025-04-22,54313.09016968375,54313.09016968375,943.2669421097935,32619.10428013975,0.0,0.0,32619.10428013975,4677.1439722259265,37296.24825236567,18124.234470115338,15020.80667498846,0.0,0.0,0.0,1614.924428390242,1236.950257062422
2025-04-23,53402.37936902928,53402.37936902928,1828.179672503424,31853.793104552653,0.0,0.0,31853.793104552653,10503.93174026707,42357.72484481972,18228.78133866803,14398.139013801992,0.0,0.0,0.0,1236.950257062422,1644.9212243058835
2025-04-24,54114.200073741755,54114.200073741755,15.715109742302616,32500.201893858946,0.0,0.0,32500.201893858946,98.39230209655668,32598.594195955502,18312.187591973092,15002.380471686194,3730.0013631971633,302.984997343584,3427.0163658535794,1644.9212243058835,1456.578421874784
2025-04-25,25251.043046025177,25251.043046025177,1.523640047587719,12459.750282090461,0.0,0.0,12459.750282090461,3.253733321623574,12463.004015412083,12824.321785659002,10563.745317929044,20991.632568342808,308.55432026695456,20683.078248075853,1456.578421874784,1260.9732312689482
2025-04-26,25836.00563799494,25836.00563799494,0.0,12643.110340107507,0.0,0.0,12643.110340107507,0.0,12643.110340107507,13142.898158245518,10624.581580487402,23247.49542690349,0.0,23247.49542690349,1260.9732312689482,1284.490928703918
2025-04-27,53503.6735312082,53503.6735312082,842.3927796927903,31833.15305591455,0.0,0.0,31833.15305591455,4711.410572348272,36544.563628262826,20376.71876166099,16263.142992585923,1659.0193584925914,52.489962308583905,1606.5293961840075,1284.490928703918,1553.3789335477895
2025-04-28,64799.3381139415,64799.3381139415,0.0,38463.710011265044,0.0,0.0,38463.710011265044,0.0,38463.710011265044,19857.594916349404,15794.194755244014,4113.9706361694425,3441.5561097473246,672.4145264221178,1553.3789335477895,1876.10907465779
2025-04-29,54176.0897915874,54176.0897915874,456.39972103340517,32608.68052102989,0.0,0.0,32608.68052102989,2610.1472422282905,35218.82776325818,17465.156635968662,14285.094687563365,4019.2138475488455,146.16034410276717,3873.053503446078,1876.10907465779,1722.422616403623
2025-04-30,51863.3901065202,51863.3901065202,86.37014750166381,31564.74583271847,0.0,0.0,31564.74583271847,307.1839450369263,31871.929777755395,18246.051123994133,14821.620918502487,268.47561519688384,268.47561519688384,0.0,1722.422616403623,1675.4009407733602
2025-05-01,53901.532381824916,53901.532381824916,2284.021771936724,32908.55169966097,0.0,0.0,32908.55169966097,11525.400242106474,44433.951941767446,19513.39106674184,16233.707610756914,1894.4918977767147,587.9153185532994,1306.5765792234151,1675.4009407733602,1200.0
2025-05-02,27363.630725859384,27363.630725859384,1722.40888357718,14015.289535673519,0.0,0.0,14015.289535673519,6947.833061871446,20963.122597544963,13560.184700961883,10983.74960777913,12219.284432920475,52.14041981915761,12167.144013101317,1200.0,1200.0
2025-05-03,26859.74532227958,26859.74532227958,1706.909756226011,13244.533069088167,0.0,0.0,13244.533069088167,9086.760563554133,22331.2936326423,13188.2170606587,10682.455819133553,17193.722186980445,0.0,17193.722186980445,1200.0,1200.0
2025-05-04,58180.47776402774,58180.47776402774,1088.9740364404993,35113.59203283973,0.0,0.0,35113.59203283973,5662.93629637791,40776.52832921765,17576.86878491224,14202.572012347198,4160.4876945698625,1513.2284445698635,2647.259249999999,1200.0,1238.5463371463575
2025-05-05,60467.619291336494,60467.619291336494,399.06049864463694,37251.50366379913,0.0,0.0,37251.50366379913,1459.3512444237126,38710.85490822284,19293.136055273357,15662.131908203144,2159.6688429109195,1271.8432027570896,887.8256401538297,1238.5463371463575,1200.0
2025-05-06,52243.61864577375,52243.61864577375,4110.213327711496,31798.11845642515,0.0,0.0,31798.11845642515,20858.425024718214,52656.54348114336,18335.524246413614,14851.774639595033,0.0,0.0,0.0,1200.0,1200.0
2025-05-07,55909.62628271363,55909.62628271363,2826.9634857453802,34416.96771994623,0.0,0.0,34416.96771994623,16800.842781093346,51217.810501039574,18483.072942937193,14814.329124478183,0.0,0.0,0.0,1200.0,1374.3999547788258
2025-05-08,64953.2894255755,64953.2894255755,30.98728494107013,39567.222516084425,0.0,0.0,39567.222516084425,209.36559070434032,39776.58810678876,20211.6970968697,14703.038079349964,3649.1052929968396,1775.8672263301723,1873.2380666666672,1374.3999547788258,3228.2183649060407
2025-05-09,26881.993926458563,26881.993926458563,164.2825842105272,14445.77756772216,0.0,0.0,14445.77756772216,354.8940090090051,14800.671576731163,12134.502815640013,10552.77236845562,16965.160213484698,264.31110727481325,16700.849106209884,3228.2183649060407,2423.9682673646994
2025-05-10,27624.606792718627,27624.606792718627,210.76223135176724,14626.712049015528,0.0,0.0,14626.712049015528,963.9917089858596,15590.70375800139,12417.640339150917,10343.017542846146,13639.700944432288,0.0,13639.700944432288,2423.9682673646994,2107.602858327029
2025-05-11,62253.44256725014,62253.44256725014,4.766687090382447,38146.02462028295,0.0,0.0,38146.02462028295,32.134621019813274,38178.15924130276,18714.973830180614,14468.739624794709,2527.8959656212846,641.5105872029067,1886.385378418378,2107.602858327029,2874.701944606574
2025-05-12,54529.82263514693,54529.82263514693,313.69622193230106,34093.16372205047,0.0,0.0,34093.16372205047,1478.5245903185996,35571.68831236907,16535.408763533283,13800.941551097487,177.85641131010095,79.599007838837,98.25740347126396,2874.701944606574,2422.190330567095
2025-05-13,64302.59300955461,64302.59300955461,0.0,39133.649877876225,0.0,0.0,39133.649877876225,0.0,39133.649877876225,17519.027324161514,13534.681110720769,7189.0340294471935,3543.3712294471934,3645.6628,2422.190330567095,3150.7803548449388
2025-05-14,60784.33337167271,60784.33337167271,0.0,38457.72774212167,0.0,0.0,38457.72774212167,0.0,38457.72774212167,17161.085555647933,13530.728739935288,4139.827772626727,3095.6977702874547,1044.1300023392719,3150.7803548449388,3561.6143105555334
2025-05-15,58802.228135782556,58802.228135782556,0.0,37880.39157566713,0.0,0.0,37880.39157566713,0.0,37880.39157566713,17477.2474310841,13813.998162678621,2373.9205840437444,2373.9205840437444,0.0,3561.6143105555334,3942.2501511105274
2025-05-16,24975.39028226131,24975.39028226131,87.57500248981972,13829.848051340317,0.0,0.0,13829.848051340317,189.2689659585215,14019.117017298839,11473.554242294917,11257.236390105078,22131.140899227954,833.9586333070675,21297.18226592089,3942.2501511105274,1760.4085357258662
2025-05-17,28112.795022137358,28112.795022137358,97.17653975646445,15007.822525997677,0.0,0.0,15007.822525997677,212.25391581772038,15220.076441815398,12705.157174168558,9925.784018539174,14981.799322931103,157.91103498781024,14823.888287943293,1760.4085357258662,2166.4010829896
2025-05-18,64937.70646395152,64937.70646395152,0.0,39799.44305661943,0.0,0.0,39799.44305661943,0.0,39799.44305661943,18629.19312012201,13564.324421904146,6196.669665733654,3907.9711047783494,2288.698560955305,2166.4010829896,3861.2033112059194
2025-05-19,56469.76838154958,56469.76838154958,40.281177698963006,35089.22369767387,0.0,0.0,35089.22369767387,271.676402990656,35360.90010066453,16297.217720978344,13866.868466217811,6564.483754488005,1536.417583840076,5028.0661706479295,3861.2033112059194,3121.067630955527
2025-05-20,56799.26099364944,56799.26099364944,241.75719178435045,35436.54893098311,0.0,0.0,35436.54893098311,931.5991892041279,36368.14812018724,16738.157287803697,14271.255833462084,46.72191442550741,46.72191442550741,0.0,3121.067630955527,2328.4582639098717
2025-05-21,54154.29160379294,54154.29160379294,0.0,34491.13457919566,0.0,0.0,34491.13457919566,0.0,34491.13457919566,16631.27636924955,13839.600048789942,0.0,0.0,0.0,2328.4582639098717,1919.2736086900857
2025-05-22,56928.19388358716,56928.19388358716,0.0,35619.14741217915,0.0,0.0,35619.14741217915,0.0,35619.14741217915,19223.836776072367,14238.933895532336,1126.6601863804674,363.9167420805161,762.7434442999513,1919.2736086900857,3399.689045452624
2025-05-23,25122.496840618332,25122.496840618332,285.21137336501,13247.475205938144,0.0,0.0,13247.475205938144,619.0097880047741,13866.484993942919,11788.289369256348,10526.526060121785,17724.996021515442,0.0,17724.996021515442,3399.689045452624,2313.009410981353
2025-05-24,27580.785306286984,27580.785306286984,0.0,14874.825691078982,0.0,0.0,14874.825691078982,0.0,14874.825691078982,11919.289963935962,9247.505526925132,21154.499485942823,716.8187864638383,20437.680699478984,2313.009410981353,2765.3642374957917
2025-05-25,58569.84606137193,58569.84606137193,0.0,35854.285754923316,0.0,0.0,35854.285754923316,0.0,35854.285754923316,16843.686075808928,13517.267152485003,6698.416954714672,2229.7041300233172,4468.712824691354,2765.3642374957917,2905.4959807404894
2025-05-26,55634.29358285829,55634.29358285829,1486.368365475932,34949.26684694089,0.0,0.0,34949.26684694089,8913.466730565833,43862.733577506726,15908.99597954461,13410.885157283148,42.71817607276125,42.71817607276125,0.0,2905.4959807404894,2322.608854238256
2025-05-27,53660.3582654753,53660.3582654753,0.0,33896.93515509658,0.0,0.0,33896.93515509658,0.0,33896.93515509658,17874.511489074666,13627.815373040561,23.29484944118815,23.29484944118815,0.0,2322.608854238256,3267.652113249289
2025-05-28,60129.698304463505,60129.698304463505,0.0,36878.10304464105,0.0,0.0,36878.10304464105,0.0,36878.10304464105,17178.741107362435,13901.630048048584,4578.7631451496545,427.9778481315418,4150.785297018113,3267.652113249289,3282.263500932612
2025-05-29,58734.28818160526,58734.28818160526,13.754693953389278,36169.49255678351,0.0,0.0,36169.49255678351,63.91403432638538,36233.406591109895,17765.676960391247,15237.10488284491,2109.3472980123124,238.9268048312232,1870.4204931810896,3282.263500932612,2341.2562287903975
2025-05-30,26768.86381711333,26768.86381711333,0.0,14412.440039840314,0.0,0.0,14412.440039840314,0.0,14412.440039840314,12238.867743597846,9773.007805416737,17706.770612265558,0.0,17706.770612265558,2341.2562287903975,2497.339636454304
2025-05-31,29033.6464419489,29033.6464419489,0.0,15915.950336830645,0.0,0.0,15915.950336830645,0.0,15915.950336830645,12377.136377304656,9839.6364412405,18106.96495588474,1612.2381681388476,16494.726787745894,2497.339636454304,2703.832996872379
2025-06-01,75646.78301676501,75646.78301676501,1368.9666422110054,46955.31240613317,0.0,0.0,46955.31240613317,4829.616859815792,51784.929265948966,19872.692002882977,17450.33021952035,3368.561575613388,3368.561575613388,0.0,2703.832996872379,1200.0
2025-06-02,77546.5767821942,77546.5767821942,1910.389836070812,48693.59245823128,0.0,0.0,48693.59245823128,8757.827338086448,57451.41979631773,19225.21437205482,15572.423641364403,7163.3684375746025,6933.764570907936,229.6038666666667,1200.0,1200.0
2025-06-03,73010.55649217001,73010.55649217001,1894.9676004534513,45286.52470941961,0.0,0.0,45286.52470941961,10858.484631206606,56145.00934062622,19819.75285281406,16053.999810779387,2947.404217255453,1742.0879505887863,1205.316266666667,1200.0,1200.0
2025-06-04,83522.94740993042,83522.94740993042,484.006400439459,52491.20285695622,0.0,0.0,52491.20285695622,1555.8046056584105,54047.00746261462,18125.14310083659,14681.36591167764,10917.915804544256,10731.699171210923,186.2166333333331,1200.0,1200.0
2025-06-05,72757.63987085148,72757.63987085148,3282.053216971856,44771.418632757646,0.0,0.0,44771.418632757646,19546.80290837372,64318.22154113136,20285.321100131623,16431.11009110661,1036.1640621316537,1036.1640621316537,0.0,1200.0,1200.0
2025-06-06,32896.021287605894,32896.021287605894,2673.845365034444,18804.442703408717,0.0,0.0,18804.442703408717,10890.670501614872,29695.11320502359,13412.904838457907,10864.452919150906,2166.419333333338,0.0,2166.419333333338,1200.0,1200.0
2025-06-07,38202.34247515113,38202.34247515113,900.9124984212534,20841.09132377685,0.0,0.0,20841.09132377685,5222.486859010337,26063.57818278719,14016.71697335741,11224.630997177755,5184.655830726055,722.4294333899293,4462.226397336125,1200.0,1343.2330569352832
2025-06-08,79324.74341188981,79324.74341188981,0.0,49937.39757489656,0.0,0.0,49937.39757489656,0.0,49937.39757489656,19420.5978040011,12638.263748143374,7357.4860893654195,6446.3706060320865,911.115483333333,1343.2330569352832,4779.255804821419
2025-06-09,83847.2240960887,83847.2240960887,0.0,54855.138571835465,0.0,0.0,54855.138571835465,0.0,54855.138571835465,17424.539212100415,13978.395338432583,9468.367489087528,8604.608522420862,863.758966666667,4779.255804821419,4929.790719675586
2025-06-10,77666.03493532201,77666.03493532201,0.0,50326.40590061136,0.0,0.0,50326.40590061136,0.0,50326.40590061136,19090.727674530157,15607.62150470207,2564.4845321605803,2434.403598827247,130.0809333333334,4929.790719675586,4769.64395486154
2025-06-11,83385.83018772816,83385.83018772816,120.99781121576379,54908.00019352364,0.0,0.0,54908.00019352364,587.9534866246643,55495.953680148305,21081.356404169754,16847.490550621103,3188.5158287286013,3188.5158287286013,0.0,4769.64395486154,5023.430773479757
2025-06-12,81275.99633372988,81275.99633372988,0.0,53212.348058713666,0.0,0.0,53212.348058713666,0.0,53212.348058713666,18632.97014417097,14692.583640217603,4883.218396443187,4706.152905783197,177.06549065998968,5023.430773479757,5468.0109696585105
2025-06-13,35170.17701234079,35170.17701234079,0.0,21997.368356805026,0.0,0.0,21997.368356805026,0.0,21997.368356805026,11010.697491334766,10055.427762592919,5869.593583598941,1261.911203570141,4607.6823800288,5468.0109696585105,4204.941197867669
2025-06-14,37369.56216524203,37369.56216524203,0.0,23026.338687072035,0.0,0.0,23026.338687072035,0.0,23026.338687072035,11214.523982148452,8937.685041601466,8899.380474695046,1304.5457164266613,7594.834758268385,4204.941197867669,4367.25162446632
2025-06-15,75982.87596760054,75982.87596760054,0.0,49123.296259806324,0.0,0.0,49123.296259806324,0.0,49123.296259806324,19826.237309140895,16526.560606226034,2056.224931352356,2056.224931352356,0.0,4367.25162446632,3848.020084664199
2025-06-16,79679.03845003378,79679.03845003378,2.7463258895302474,51731.07255684187,0.0,0.0,51731.07255684187,13.165886314408004,51744.23844315628,22100.129329758864,16633.88413319167,1521.486762689447,1521.486762689447,0.0,3848.020084664199,5256.043000123102
2025-06-17,79264.4946379506,79264.4946379506,0.0,51659.20536226882,0.0,0.0,51659.20536226882,0.0,51659.20536226882,20485.405817527473,17058.107211115206,1200.1848148716663,1200.1848148716663,0.0,5256.043000123102,4739.455779103155
2025-06-18,80995.56083782963,80995.56083782963,0.0,52626.448145385104,0.0,0.0,52626.448145385104,0.0,52626.448145385104,18395.43668714697,14383.548258808301,6055.281509490958,6055.281509490958,0.0,4739.455779103155,5313.628509970648
2025-06-19,75675.88733402606,75675.88733402606,0.0,49114.43637611638,0.0,0.0,49114.43637611638,0.0,49114.43637611638,15926.420669566938,13672.418984389735,5162.381448848865,3605.4116988488645,1556.9697500000004,5313.628509970648,4455.830463258965
2025-06-20,33436.838859237796,33436.838859237796,0.0,20907.017764488606,0.0,0.0,20907.017764488606,0.0,20907.017764488606,11821.163200472794,10421.775495571677,9636.87030433668,1897.3103535759976,7739.559950760683,4455.830463258965,3515.126793049283
2025-06-21,35031.64217892915,35031.64217892915,0.0,21017.593837724147,0.0,0.0,21017.593837724147,0.0,21017.593837724147,12787.877665996899,9561.331584301308,12470.355697233561,1448.146101024068,11022.209596209494,3515.126793049283,4400.514932111709
2025-06-22,73998.5681465425,73998.5681465425,0.0,46939.10868607549,0.0,0.0,46939.10868607549,0.0,46939.10868607549,18859.45876806845,15347.221356406897,3028.989634880943,2661.0682848809433,367.9213499999998,4400.514932111709,4321.559649587874
2025-06-23,75344.17803794565,75344.17803794565,0.0,49098.156751660455,0.0,0.0,49098.156751660455,0.0,49098.156751660455,18902.53038538291,14692.192237228974,4072.5538897917036,3417.1113897917035,655.4425000000002,4321.559649587874,5009.178955066974
2025-06-24,85866.95610458177,85866.95610458177,0.0,56372.39735939037,0.0,0.0,56372.39735939037,0.0,56372.39735939037,20154.520338367554,16076.727708411421,5520.371224625628,5520.371224625628,0.0,5009.178955066974,5285.216472473963
2025-06-25,76105.9031042273,76105.9031042273,0.0,48952.18696501648,0.0,0.0,48952.18696501648,0.0,48952.18696501648,16434.318635287516,14414.661177020054,3648.8242792931746,3313.9251292931745,334.8991500000001,5285.216472473963,4059.8130475437783
2025-06-26,74353.79515137762,74353.79515137762,0.0,48539.91166819635,0.0,0.0,48539.91166819635,0.0,48539.91166819635,17951.702714423503,13862.439657059116,2717.148260679904,2269.230976523525,447.9172841563793,4059.8130475437783,4813.634760459247
2025-06-27,33765.413601342305,33765.413601342305,0.0,20862.149247195248,0.0,0.0,20862.149247195248,0.0,20862.149247195248,11358.09121205898,9908.121720270483,12543.798242887138,2214.8141082008406,10328.984134686298,4813.634760459247,4026.8927176784614
2025-06-28,33635.87346176813,33635.87346176813,0.0,20242.723818087943,0.0,0.0,20242.723818087943,0.0,20242.723818087943,12624.641497209674,10257.454880241532,9491.760728133326,1002.9513835724777,8488.809344560848,4026.8927176784614,3991.8979760099073
2025-06-29,72470.76700291643,72470.76700291643,787.8237677217949,46023.397344545876,0.0,0.0,46023.397344545876,5461.156058685289,51484.55340323117,17747.74785041142,15126.795559617534,1369.8699465110021,1369.8699465110021,0.0,3991.8979760099073,3157.320419582924
2025-06-30,79754.67642066049,79754.67642066049,0.0,51458.497903278134,0.0,0.0,51458.497903278134,0.0,51458.497903278134,19320.51512476145,14043.876875963388,4600.354188529087,4477.3910218624205,122.96316666666692,3157.320419582924,4941.476391908912
2025-07-01,68223.40675584039,68223.40675584039,9406.402850321663,44052.72198574469,0.0,0.0,44052.72198574469,58381.6653535886,102434.38733933329,11213.65434498286,12450.388772154136,0.0,0.0,0.0,4941.476391908912,1200.0
2025-07-02,68672.78821220018,68672.78821220018,7010.77536855941,44101.4915043673,0.0,0.0,44101.4915043673,36669.00945658455,80770.50096095185,14459.700168582207,11680.902954489287,0.0,0.0,0.0,1200.0,1234.9490911803346
2025-07-03,78703.95141740223,78703.95141740223,4690.68829142615,50269.68146078466,0.0,0.0,50269.68146078466,28460.32029197586,78730.00175276052,17635.660820225912,14155.505077229831,154.06503249896798,154.06503249896798,0.0,1234.9490911803346,1378.7048546838464
2025-07-04,34515.14604540787,34515.14604540787,6416.954109530378,20074.964839786648,0.0,0.0,20074.964839786648,22771.05470966011,42846.019549446755,12900.408021861616,10610.164866923375,9760.989533333337,0.0,9760.989533333337,1378.7048546838464,1200.0
2025-07-05,37955.50498173048,37955.50498173048,3842.7630106417805,21984.023762622506,0.0,0.0,21984.023762622506,15219.146430898792,37203.1701935213,13567.039204095083,10922.541145056151,10363.689966666665,0.0,10363.689966666665,1200.0,1274.1784558454076
2025-07-06,71990.9611111854,71990.9611111854,10681.76816353914,46155.5339706079,0.0,0.0,46155.5339706079,57668.36596999656,103823.89994060446,14168.538925890663,11289.791201166117,0.0,0.0,0.0,1274.1784558454076,1481.651043406874
2025-07-07,73541.48767592799,73541.48767592799,3471.9564870574864,46834.76609324787,0.0,0.0,46834.76609324787,11609.793024628405,58444.55911787627,18658.00145429055,15267.60104807729,213.56099010554144,213.56099010554144,0.0,1481.651043406874,1309.8511877380417
2025-07-08,93243.81897858727,93243.81897858727,0.0,60739.85794394157,0.0,0.0,60739.85794394157,0.0,60739.85794394157,20487.61814497672,13243.226605442189,10428.040422386077,7679.78013920348,2748.260283182598,1309.8511877380417,5034.011289947995
2025-07-09,87806.39090568227,87806.39090568227,0.0,57419.563274586806,0.0,0.0,57419.563274586806,0.0,57419.563274586806,16748.17263118194,13684.86850247977,10684.361760313443,9216.088760313443,1468.2729999999995,5034.011289947995,4901.957210811988
2025-07-10,81040.25097729193,81040.25097729193,0.0,53285.91463250539,0.0,0.0,53285.91463250539,0.0,53285.91463250539,19046.326425484,15679.518066258865,4819.819234733464,4362.213028867446,457.60620586601794,4901.957210811988,4621.964253459952
2025-07-11,44002.62161470948,44002.62161470948,324.9230556738183,28149.661486580113,0.0,0.0,28149.661486580113,712.5359796810084,28862.19746626112,11984.95520328526,10291.958991349322,10115.771308447358,2612.3245255108686,7503.44678293649,4621.964253459952,3972.9139460285564
2025-07-12,43728.360057957514,43728.360057957514,0.0,27145.34843342936,0.0,0.0,27145.34843342936,0.0,27145.34843342936,12675.141763621554,9860.707087572155,9829.682048574783,140.72596159019906,9688.956086984585,3972.9139460285564,4424.200324874456
2025-07-13,86279.22845784175,86279.22845784175,0.0,56933.58119467955,0.0,0.0,56933.58119467955,0.0,56933.58119467955,18020.956946274535,13565.936715778194,12556.487827345407,9338.084474373849,3218.403352971557,4424.200324874456,5569.79855899021
2025-07-14,80960.8805348158,80960.8805348158,0.0,52549.796655978644,0.0,0.0,52549.796655978644,0.0,52549.796655978644,15513.026172704624,13524.501097328692,7164.676242773201,5507.621588441367,1657.0546543318342,5569.79855899021,4504.2986729480435
2025-07-15,86622.22836446739,86622.22836446739,0.0,56342.64741943302,0.0,0.0,56342.64741943302,0.0,56342.64741943302,17930.61856465351,13636.738443500044,9579.297659980582,9250.314826647249,328.98283333333353,4504.2986729480435,5489.923777247265
2025-07-16,80346.31428057763,80346.31428057763,0.0,53248.87251373421,0.0,0.0,53248.87251373421,0.0,53248.87251373421,16033.140587228585,13796.828613575084,5975.438923590799,4684.036290613295,1291.4026329775043,5489.923777247265,4589.940735114007
2025-07-17,79875.4958608902,79875.4958608902,205.92784392225167,52214.69298493484,0.0,0.0,52214.69298493484,928.8379576370871,53143.530942571924,18389.655225702772,15243.525696700815,4214.878109143825,2361.6492384630374,1853.2288706807872,4589.940735114007,4203.379664134489
2025-07-18,44398.43698434198,44398.43698434198,55.93810693509954,28454.907057618584,0.0,0.0,28454.907057618584,159.64735719277408,28614.55441481136,11568.081158622386,9696.805089184385,11308.850921839077,4002.01909170337,7306.831830135707,4203.379664134489,3840.4248300230906
2025-07-19,45499.72704200865,45499.72704200865,0.0,29003.830461356443,0.0,0.0,29003.830461356443,0.0,29003.830461356443,12593.023107240895,9812.324720884035,15536.209605651791,3372.098602740978,12164.111002910813,3840.4248300230906,4271.56260333542
2025-07-20,84814.69654525486,84814.69654525486,78.3883334016491,54345.44091413084,0.0,0.0,54345.44091413084,370.8552053232019,54716.29611945405,19494.134349570464,14542.598452519487,7851.570764938874,6772.745181605541,1078.8255833333333,4271.56260333542,5657.840792927185
2025-07-21,84398.82655393607,84398.82655393607,0.0,55535.36409264536,0.0,0.0,55535.36409264536,0.0,55535.36409264536,17121.76982248665,14381.49996958006,7668.807351029487,6753.107195354172,915.7001556753156,5657.840792927185,5087.989222520656
2025-07-22,80957.5067280152,80957.5067280152,0.0,53125.7992156688,0.0,0.0,53125.7992156688,0.0,53125.7992156688,18114.390072468806,14966.568559271445,4014.5405981511735,3765.15866481784,249.38193333333356,5087.989222520656,4761.419666329865
2025-07-23,91443.85641930033,91443.85641930033,0.0,60277.07204304163,0.0,0.0,60277.07204304163,0.0,60277.07204304163,16790.608151169596,13548.915248864156,13985.616400328217,11294.110150328217,2691.5062500000004,4761.419666329865,4818.616725866774
2025-07-24,89773.50830050392,89773.50830050392,0.0,59313.53396723229,0.0,0.0,59313.53396723229,0.0,59313.53396723229,16934.777358240684,13346.757167398242,12569.016109661476,11586.244276328141,982.771833333334,4818.616725866774,5230.186162285346
2025-07-25,39143.280483488415,39143.280483488415,625.3463985543083,25075.968907036855,0.0,0.0,25075.968907036855,1360.870713027748,26436.839620064602,12101.374717289242,11337.543648817678,12499.47624690449,1897.795085691231,10601.68116121326,5230.186162285346,3524.152686937132
2025-07-26,42592.17490682072,42592.17490682072,0.0,26412.0993626842,0.0,0.0,26412.0993626842,0.0,26412.0993626842,12953.067426954703,9717.739022221353,10887.7549354207,808.1473582276943,10079.607577193006,3524.152686937132,4384.425568728197
2025-07-27,82338.85349799646,82338.85349799646,881.131607767091,52947.79275302354,0.0,0.0,52947.79275302354,3781.809381676153,56729.60213469969,18570.697219682064,14970.003643510461,5934.1017295919555,4573.777946258622,1360.3237833333333,4384.425568728197,4464.715684763761
2025-07-28,84539.15605201047,84539.15605201047,33.33466098812164,54900.43504042472,0.0,0.0,54900.43504042472,162.3731336731405,55062.80817409786,19897.1011226258,15988.863714328625,2709.3760713680804,2709.3760713680804,0.0,4464.715684763761,4606.702568095171
2025-07-29,83548.89884935202,83548.89884935202,0.0,54277.23531201599,0.0,0.0,54277.23531201599,0.0,54277.23531201599,19777.675317863628,15427.526741850148,3129.5043233385372,3129.5043233385372,0.0,4606.702568095171,5264.913974338939
2025-07-30,75863.60208992063,75863.60208992063,1259.047265387515,49846.69723130832,0.0,0.0,49846.69723130832,5188.82273894811,55035.51997025643,16570.743395616686,14734.129945272847,1182.7818549643152,1182.7818549643152,0.0,5264.913974338939,3807.327535646354
2025-07-31,80926.86314727884,80926.86314727884,318.4676502389211,52261.36353402639,0.0,0.0,52261.36353402639,1245.0592487967292,53506.42278282312,20048.983204324803,15722.659354029453,2224.0106805557407,1877.3081972224074,346.7024833333335,3807.327535646354,4381.790915061508
2025-08-01,40383.416883706675,40383.416883706675,628.9737837092378,25857.107781205676,0.0,0.0,25857.107781205676,1355.2266284499087,27212.33440965558,12575.776332981464,10404.364204989875,17589.61887275766,2219.968059584703,15369.650813172955,4381.790915061508,4139.584942533851
2025-08-02,43713.558554071526,43713.558554071526,0.0,27759.019856049814,0.0,0.0,27759.019856049814,0.0,27759.019856049814,12456.030202257447,9468.187211052167,19798.690629532914,2789.642391792849,17009.048237740062,4139.584942533851,4829.804112285367
2025-08-03,69614.04413763052,69614.04413763052,0.0,45828.85176099212,0.0,0.0,45828.85176099212,0.0,45828.85176099212,17737.54638705142,14797.063431034745,3834.0811982805185,1828.0251655274126,2006.056032753106,4829.804112285367,4352.414270593043
2025-08-04,76085.53430915723,76085.53430915723,0.0,50267.82194007583,0.0,0.0,50267.82194007583,0.0,50267.82194007583,17588.79191186143,13622.79785268518,6703.885166647645,4565.256316647644,2138.628850000001,4352.414270593043,5045.884932729239
2025-08-05,70486.36560316844,70486.36560316844,0.0,46647.38834730168,0.0,0.0,46647.38834730168,0.0,46647.38834730168,16704.57677592276,14315.882980895754,2945.362074808093,2016.8621582916114,928.4999165164817,5045.884932729239,4173.467385619995
2025-08-06,78784.14877541212,78784.14877541212,0.0,52441.51863462805,0.0,0.0,52441.51863462805,0.0,52441.51863462805,17704.136284724136,14367.259906806568,7332.873130827889,6316.841124290153,1016.032006537737,4173.467385619995,4143.567923197753
2025-08-07,79113.77086727494,79113.77086727494,0.0,50919.29578402392,0.0,0.0,50919.29578402392,0.0,50919.29578402392,16891.415670517294,13764.27972926832,12598.649676025972,7260.519710404307,5338.129965621665,4143.567923197753,4052.197883031857
2025-08-08,39296.17878779748,39296.17878779748,0.0,24340.59187568304,0.0,0.0,24340.59187568304,0.0,24340.59187568304,11970.193278464272,10021.57175223201,21572.38601156522,822.4443383263547,20749.941673238864,4052.197883031857,3690.2921089474676
2025-08-09,39243.51480721625,39243.51480721625,0.0,24340.15322695656,0.0,0.0,24340.15322695656,0.0,24340.15322695656,12321.59083608306,9992.410914937422,17992.40588607061,565.594654686548,17426.81123138406,3690.2921089474676,3677.045067047309
2025-08-10,74626.8535988147,74626.8535988147,0.0,49341.1393121206,0.0,0.0,49341.1393121206,0.0,49341.1393121206,17684.24617135005,13242.45265393182,4880.441031396476,3513.7446313964765,1366.6964000000003,3677.045067047309,4879.030339115891
2025-08-11,71953.80434138718,71953.80434138718,41.31343187974721,46692.14021431784,0.0,0.0,46692.14021431784,140.85852607464494,46832.99874039249,18139.655666142058,15588.82932146224,4883.038095253781,1542.816502719675,3340.221592534106,4879.030339115891,3883.7989703523626
2025-08-12,76872.91107505752,76872.91107505752,0.0,49652.69512107674,0.0,0.0,49652.69512107674,0.0,49652.69512107674,17815.825149286644,14464.536179132107,5761.0784549029895,3694.648154902989,2066.4303000000004,3883.7989703523626,3846.3347390080044
2025-08-13,70740.57803279514,70740.57803279514,25.732990860444033,45727.97880708842,0.0,0.0,45727.97880708842,125.57699539896689,45853.55580248739,18456.84872907557,14813.645739195852,1002.1285837758601,495.6071244145342,506.52145936132587,3846.3347390080044,3997.8922182917395
2025-08-14,72396.84142961052,72396.84142961052,0.0,47562.918786379596,0.0,0.0,47562.918786379596,0.0,47562.918786379596,19781.768149560725,15822.289162102563,2511.071458819021,2036.1119213831807,474.9595374358398,3997.8922182917395,4221.162261671319
2025-08-15,39114.06581907381,39114.06581907381,677.6207822922088,24722.022691503593,0.0,0.0,24722.022691503593,1694.9796094679537,26417.002300971548,12291.47421405872,10672.597929984899,21013.083433958862,1956.5011339588623,19056.5823,4221.162261671319,3425.0469098965036
2025-08-16,41795.69082257336,41795.69082257336,499.030713313813,26569.48582993664,0.0,0.0,26569.48582993664,1784.0058805883855,28353.491710525024,12828.167295234838,10192.20022639981,22729.474100385472,3592.327667052139,19137.146433333335,3425.0469098965036,3645.7305573858503
2025-08-17,75980.32486598511,75980.32486598511,2.8280628041179625,48674.778982245065,0.0,0.0,48674.778982245065,13.775493918858594,48688.554476163925,18637.849113648976,14790.224800750026,8970.134999223617,4944.2358084828775,4025.89919074074,3645.7305573858503,3986.211647725444
2025-08-18,72699.4205952633,72699.4205952633,0.0,47882.547212042664,0.0,0.0,47882.547212042664,0.0,47882.547212042664,18828.883864793326,14778.404239842916,4254.825353646233,1905.728810361976,2349.096543284257,3986.211647725444,4511.757970658422
2025-08-19,71719.83379244484,71719.83379244484,0.0,47354.171163473635,0.0,0.0,47354.171163473635,0.0,47354.171163473635,16950.738557895234,14003.085759051695,4454.520943601309,1934.7656850594542,2519.755258541855,4511.757970658422,4208.438496040024
2025-08-20,79805.34920433645,79805.34920433645,0.0,51389.42734290134,0.0,0.0,51389.42734290134,0.0,51389.42734290134,19708.38314287558,16478.427469094233,5924.702463888436,4523.21886214625,1401.4836017421856,4208.438496040024,3636.6194700789056
2025-08-21,76247.49213115084,76247.49213115084,0.0,49370.6502277251,0.0,0.0,49370.6502277251,0.0,49370.6502277251,17963.73346512542,14073.165395458025,6512.5055781501105,4390.49877815011,2122.0068000000006,3636.6194700789056,4167.129149293982
2025-08-22,39367.75647392034,39367.75647392034,420.01951624868474,24676.997726650403,0.0,0.0,24676.997726650403,1136.0984696006558,25813.09619625106,12565.768868661711,11180.87041873686,17172.308140244168,1360.7004569108362,15811.607683333332,4167.129149293982,3053.1317769374587
2025-08-23,40000.71497012829,40000.71497012829,24.360117472305635,24085.978460363633,0.0,0.0,24085.978460363633,131.74927136236664,24217.727731725998,13117.969159577387,10597.475793102287,14974.575571125497,0.0,14974.575571125497,3053.1317769374587,3084.3309171101214
2025-08-24,72333.0214103945,72333.0214103945,0.0,47907.69358977706,0.0,0.0,47907.69358977706,0.0,47907.69358977706,19995.127430316392,14966.65035894529,3570.9548556900645,1649.2461827918166,1921.708672898248,3084.3309171101214,4450.334094455665
2025-08-25,92190.47330607385,92190.47330607385,0.0,60620.72837840974,0.0,0.0,60620.72837840974,0.0,60620.72837840974,16393.45826064314,13345.494833459921,18369.422862223968,16531.2204955573,1838.2023666666666,4450.334094455665,4376.118936301242
2025-08-26,72018.27185925737,72018.27185925737,0.0,47839.21508641468,0.0,0.0,47839.21508641468,0.0,47839.21508641468,18796.947210015966,15206.326466296743,2898.8327322048126,2724.0994279543524,174.7333042504599,4376.118936301242,4397.453129430347
2025-08-27,72158.50058207367,72158.50058207367,119.26526872301915,47560.97004289384,0.0,0.0,47560.97004289384,503.13307620584766,48064.10311909969,18096.88132972761,15937.401515356656,2204.1371697590675,459.1792736058459,1744.9578961532216,4397.453129430347,2976.422420233353
2025-08-28,72365.00182369616,72365.00182369616,1982.7797355682515,46357.63664949956,0.0,0.0,46357.63664949956,9535.693571053922,55893.33022055348,19088.455261129704,15932.061582890583,423.5928976919622,423.5928976919622,0.0,2976.422420233353,2453.741507593883
2025-08-29,43400.74308780146,43400.74308780146,0.0,26582.151190538887,0.0,0.0,26582.151190538887,0.0,26582.151190538887,14694.814480515854,11347.975086791494,17498.6833440771,2197.003397032253,15301.679947044848,2453.741507593883,3070.2133325120467
2025-08-30,41505.84450849936,41505.84450849936,16.986182433652857,25300.5992518871,0.0,0.0,25300.5992518871,36.47135300551901,25337.070604892615,12668.454044507314,10567.068162729045,20908.72497582141,1698.438520972184,19210.286454849225,3070.2133325120467,2730.635125091912
2025-08-31,72966.4133462714,72966.4133462714,67.41507920751238,47705.3171682336,0.0,0.0,47705.3171682336,351.56963806717704,48056.88680630078,21099.82896264718,15866.617644876544,1153.9940243749325,1153.9940243749325,0.0,2730.635125091912,4090.906030500438
2025-09-01,80388.67875702189,80388.67875702189,0.0,52134.938229201274,0.0,0.0,52134.938229201274,0.0,52134.938229201274,17142.932279314122,10252.28372756733,19923.895671941766,13992.4620052751,5931.433666666666,4090.906030500438,8128.118717919452
2025-09-02,65497.76180356729,65497.76180356729,0.0,43507.04462119807,0.0,0.0,43507.04462119807,0.0,43507.04462119807,15837.04331275808,13523.630517688996,9126.59315849821,5807.0624292409475,3319.530729257262,8128.118717919452,7355.201568636171
2025-09-03,69881.47848869825,69881.47848869825,0.0,46261.33564112151,0.0,0.0,46261.33564112151,0.0,46261.33564112151,14684.819542228255,11979.9959276119,11628.937624081898,7658.219296836882,3970.718327245017,7355.201568636171,7260.432570406151
2025-09-04,68485.02092171175,68485.02092171175,0.0,46280.54197197222,0.0,0.0,46280.54197197222,0.0,46280.54197197222,16616.38607888547,13563.921297240793,11506.990590067071,8092.750706733737,3414.239883333334,7260.432570406151,7144.156377802193
2025-09-05,33304.91632909041,33304.91632909041,0.0,20952.572258518278,0.0,0.0,20952.572258518278,0.0,20952.572258518278,12427.644469200379,11496.216416169036,25549.2266093924,2622.967863093074,22926.25874629933,7144.156377802193,5555.462604339163
2025-09-06,36303.75506364133,36303.75506364133,0.0,22113.851453523715,0.0,0.0,22113.851453523715,0.0,22113.851453523715,13731.626835277748,10090.447099394489,24941.491627758067,1717.2752800377111,23224.216347720358,5555.462604339163,6702.3188678730385
2025-09-07,64026.30343362684,64026.30343362684,0.0,42110.84446337298,0.0,0.0,42110.84446337298,0.0,42110.84446337298,17722.214079087615,14280.046200034674,5623.151937907236,4838.04278087213,785.1091570351065,6702.3188678730385,6785.593539013362
2025-09-08,59221.58702260994,59221.58702260994,1508.5675664059033,37754.487185425314,0.0,0.0,37754.487185425314,6931.858961514239,44686.346146939555,13998.136058347707,15964.972470154304,3301.421467489111,1574.9425190890265,1726.4789484000844,6785.593539013362,1645.057691354845
2025-09-09,57683.03647234193,57683.03647234193,1522.770005863247,36292.41228476705,0.0,0.0,36292.41228476705,8455.439132784326,44747.851417551385,20541.52981570653,16366.330927429726,1927.773323261712,3.3714881492344375,1924.4018351124776,1645.057691354845,1947.6223839021343
2025-09-10,68523.74960347581,68523.74960347581,63.83209632079354,42992.8731177967,0.0,0.0,42992.8731177967,138.03398778694137,43130.90710558364,21019.399855462172,16039.738369873348,2291.9215642077743,1560.339964207774,731.5816000000001,1947.6223839021343,3043.1507317365817
2025-09-11,66022.9756386157,66022.9756386157,582.2170004459427,42191.6911994855,0.0,0.0,42191.6911994855,3064.436824941823,45256.12802442732,19329.912325599773,15354.418980133472,9133.613510262005,5046.425443595338,4087.1880666666666,3043.1507317365817,3379.6062912947414
2025-09-12,28956.543518176622,28956.543518176622,1314.1045488140658,16716.15693349461,0.0,0.0,16716.15693349461,3073.0543254766762,19789.21125897129,12620.373937660035,11575.755309471358,17674.37323880201,602.0449388020145,17072.328299999997,3379.6062912947414,1875.9924913317052
2025-09-13,32891.86208317798,32891.86208317798,27.124161100559718,18493.155479503974,0.0,0.0,18493.155479503974,124.26934408221435,18617.42482358619,15061.232666517724,11312.692802404246,21163.344896831724,0.0,21163.344896831724,1875.9924913317052,2861.4432218596057
2025-09-14,71833.31203373046,71833.31203373046,0.0,45473.64993708272,0.0,0.0,45473.64993708272,0.0,45473.64993708272,17806.257176267867,14005.802758800635,7933.532866263221,4911.47031626322,3022.0625500000006,2861.4432218596057,3325.071615166645
2025-09-15,58766.73619507801,58766.73619507801,370.89852056935854,37679.45149506105,0.0,0.0,37679.45149506105,1829.3091784569945,39508.760673518045,20645.092882685767,17333.699450371732,759.2106500000034,0.0,759.2106500000034,3325.071615166645,2645.9891536152554
2025-09-16,71989.08183149133,71989.08183149133,5.755472205787214,45558.68200915632,0.0,0.0,45558.68200915632,16.42611767531671,45575.108126831634,19654.07439847407,15709.479698264,8558.472620153729,5844.110801967101,2714.3618181866277,2645.9891536152554,2879.678669726361
2025-09-17,67992.6230463858,67992.6230463858,0.0,43980.639722512045,0.0,0.0,43980.639722512045,0.0,43980.639722512045,19983.969980359732,15653.749194368658,3702.2838603947207,3702.2838603947207,0.0,2879.678669726361,3472.196991640501
2025-09-18,60403.48305073998,60403.48305073998,1273.3807728158645,38895.49453017317,0.0,0.0,38895.49453017317,7582.361782021599,46477.856312194766,18507.71100057071,16157.859059399314,370.96076571778406,370.96076571778406,0.0,3472.196991640501,2175.960159488242
2025-09-19,31847.602149439088,31847.602149439088,1056.4876115543125,18547.97035740635,0.0,0.0,18547.97035740635,2758.3049473365622,21306.275304742914,14056.494260604457,10915.181011336634,13661.424195058911,736.6693783922417,12924.75481666667,2175.960159488242,2698.8260925471104
2025-09-20,32800.27292683066,32800.27292683066,181.14513243431247,18876.231800596765,0.0,0.0,18876.231800596765,453.0694825512716,19329.301283148034,14930.381855126885,11672.83528668943,14078.437757494175,527.8770574941735,13550.560700000002,2698.8260925471104,3166.3527769508305
2025-09-21,68746.55661016326,68746.55661016326,0.0,43453.65701336362,0.0,0.0,43453.65701336362,0.0,43453.65701336362,19522.446802416165,14998.024384646897,5934.64670906065,3700.81370906065,2233.833,3166.3527769508305,4072.083360628823
2025-09-22,70367.16994070304,70367.16994070304,0.0,45451.08957740139,0.0,0.0,45451.08957740139,0.0,45451.08957740139,19130.34213625346,16146.416843426361,6769.2247645426005,5079.997965788974,1689.2267987536263,4072.083360628823,3348.928123894311
2025-09-23,71404.12202566858,71404.12202566858,0.0,45709.17964468166,0.0,0.0,45709.17964468166,0.0,45709.17964468166,19606.835196694217,15713.683860468449,5394.355106109471,3564.9042501580016,1829.4508559514702,3348.928123894311,3535.4310670652744
2025-09-24,60982.67096857136,60982.67096857136,2390.347168140415,39174.552487121975,0.0,0.0,39174.552487121975,13405.896312060737,52580.44879918271,17322.291921081924,15081.869228327389,69.37034395723958,69.37034395723958,0.0,3535.4310670652744,2367.861320119693
2025-09-25,68386.16129443406,68386.16129443406,48.984073155971146,43252.4077367135,0.0,0.0,43252.4077367135,163.94969285303543,43416.35742956654,20192.391538850818,16028.351836037516,3935.656764776728,1623.5032647767282,2312.1534999999994,2367.861320119693,2731.7338872659716
2025-09-26,32443.120840397725,32443.120840397725,489.83137977708395,18779.17367172619,0.0,0.0,18779.17367172619,1067.0847924347977,19846.258464160986,14180.57035415833,12075.249469961682,13133.387835978161,1880.5364568356165,11252.851379142545,2731.7338872659716,2077.303350495491
2025-09-27,32601.390715824065,32601.390715824065,512.851372360573,18256.46465449727,0.0,0.0,18256.46465449727,1707.2663587372997,19963.73101323457,15639.299392894492,13026.755304709857,12700.395750000003,0.0,12700.395750000003,2077.303350495491,1678.500243311806
2025-09-28,69871.60292956766,69871.60292956766,289.2525689765483,43605.049963883816,0.0,0.0,43605.049963883816,1397.0637547364397,45002.113718620254,21866.63764737138,16730.058448667613,1536.6471331737632,1536.6471331737632,0.0,1678.500243311806,2769.5202940931467
2025-09-29,72063.24144174467,72063.24144174467,20.39463333333333,45639.08481841071,0.0,0.0,45639.08481841071,95.52846253333333,45734.613280944046,20210.915748829848,16499.575780761086,5612.404507009248,4031.0177070092477,1581.3868000000002,2769.5202940931467,2626.482489416584
2025-09-30,71035.81517214658,71035.81517214658,428.1616774526201,45710.671112092285,0.0,0.0,45710.671112092285,2104.2368937507817,47814.90800584307,21979.15432764228,17481.206339767625,1543.8540950578738,1543.8540950578738,0.0,2626.482489416584,2984.158784552832
2025-10-01,67180.3840303931,67180.3840303931,0.0,42119.74428225686,0.0,0.0,42119.74428225686,0.0,42119.74428225686,20211.549417628066,14757.587112705065,12064.900192136774,6700.963946002155,5363.936246134619,2984.158784552832,4777.234246301353
2025-10-02,70371.41152003196,70371.41152003196,0.0,44993.97348760271,0.0,0.0,44993.97348760271,0.0,44993.97348760271,16642.19323637205,13484.90905379302,15483.344220786259,8858.086083042297,6625.258137743963,4777.234246301353,4771.975877043957
2025-10-03,26977.240878239398,26977.240878239398,570.244942312884,15036.802960134532,0.0,0.0,15036.802960134532,1240.735248825785,16277.538208960315,12606.900363098739,11112.55860873031,18235.99036618385,202.65357989709932,18033.336786286753,4771.975877043957,3770.8988607991437
2025-10-04,32329.36482000415,32329.36482000415,0.0,18178.824666078384,0.0,0.0,18178.824666078384,0.0,18178.824666078384,14479.06171037105,11254.877548751225,16009.19822505099,980.4201481050233,15028.778076945966,3770.8988607991437,4296.634901520617
2025-10-05,70566.6411303376,70566.6411303376,0.0,44281.095069868665,0.0,0.0,44281.095069868665,0.0,44281.095069868665,17070.96699999704,13489.320762726376,12249.03382640026,6688.509393066926,5560.524433333334,4296.634901520617,4672.371020710867
2025-10-06,62327.377047365655,62327.377047365655,63.987618066069395,40369.07600193791,0.0,0.0,40369.07600193791,293.0525620610945,40662.128563999,18842.58350306154,15372.306720370732,1187.9786327409165,1187.9786327409165,0.0,4672.371020710867,4550.355373054331
2025-10-07,66859.18142287199,66859.18142287199,0.0,42361.943773049315,0.0,0.0,42361.943773049315,0.0,42361.943773049315,19056.11347662516,15107.005147680926,5138.510093927755,2451.233577261088,2687.2765166666672,4550.355373054331,4915.296226815949
2025-10-08,60767.254297724736,60767.254297724736,83.67772559413042,37626.170017461045,0.0,0.0,37626.170017461045,323.9948876521445,37950.16490511319,18123.54956591744,16964.393286982027,3213.280077716782,1699.9079109233166,1513.3721667934656,4915.296226815949,2377.164961717176
2025-10-09,73215.67646616811,73215.67646616811,0.0,45258.498153493456,0.0,0.0,45258.498153493456,0.0,45258.498153493456,18747.772333207646,15116.294167554635,13824.216617181768,8485.866572089524,5338.350045092244,2377.164961717176,2454.2776532100197
2025-10-10,31313.355761229508,31313.355761229508,5.990323522680839,16636.07427981603,0.0,0.0,16636.07427981603,13.149911652875415,16649.224191468908,15210.741527614997,12715.061561173847,19480.055201644373,717.9487936132518,18762.10640803112,2454.2776532100197,2016.098848981469
2025-10-11,33266.50078269071,33266.50078269071,0.0,17366.55475468978,0.0,0.0,17366.55475468978,0.0,17366.55475468978,16221.112391918525,12581.500494075013,15520.575301513862,210.0729164454698,15310.502385068392,2016.098848981469,2635.65500829146
2025-10-12,67556.70135389757,67556.70135389757,236.68635141424153,41319.234579485805,0.0,0.0,41319.234579485805,1297.8888668609466,42617.123446346755,19265.901406799134,16027.102691410882,6039.633006590232,3402.9902732568985,2636.642733333334,2635.65500829146,2167.0743950652595
2025-10-13,69659.5655923903,69659.5655923903,0.0,43024.051761826384,0.0,0.0,43024.051761826384,0.0,43024.051761826384,21510.17893602681,16805.77285193219,7927.764208295669,5436.251458295669,2491.51275,2167.0743950652595,2853.154490898064
2025-10-14,71531.44548842077,71531.44548842077,0.0,44543.61238286242,0.0,0.0,44543.61238286242,0.0,44543.61238286242,20518.1671830476,16928.03564192476,7167.484663964585,5316.035350938213,1851.4493130263718,2853.154490898064,2510.576464613395
2025-10-15,74718.20488697133,74718.20488697133,0.0,46774.84208987394,0.0,0.0,46774.84208987394,0.0,46774.84208987394,20189.187517356662,16052.59602559964,8661.589745214313,7291.013328547646,1370.5764166666668,2510.576464613395,2844.6274240125717
2025-10-16,70922.54071050869,70922.54071050869,0.0,44596.233330818795,0.0,0.0,44596.233330818795,0.0,44596.233330818795,21105.2204399107,17055.981089436904,3906.8284100349,3019.164281911371,887.6641281235295,2844.6274240125717,2888.235720557857
2025-10-17,30173.175394495218,30173.175394495218,145.89462675790776,15762.392378610108,0.0,0.0,15762.392378610108,647.1872918195811,16409.579670429688,15116.513031881734,13123.61186955219,12321.969542256913,0.0,12321.969542256913,2888.235720557857,1911.3064830823173
2025-10-18,34231.797070094595,34231.797070094595,0.0,18626.43483877013,0.0,0.0,18626.43483877013,0.0,18626.43483877013,16189.838181948753,12156.229088450713,14121.594709929886,1422.6312601422142,12698.963449787672,1911.3064830823173,2975.239637446519
2025-10-19,73135.42312482724,73135.42312482724,0.0,45861.43801807149,0.0,0.0,45861.43801807149,0.0,45861.43801807149,20882.957583463267,16797.370292659685,5164.11330069033,3933.4605592733255,1230.6527414170043,2975.239637446519,3106.156692941586
2025-10-20,76735.54194395803,76735.54194395803,0.0,48932.17252704305,0.0,0.0,48932.17252704305,0.0,48932.17252704305,18440.1742624875,15232.770915880776,9087.356230684638,7022.1954140179705,2065.160816666667,3106.156692941586,2777.012511535031
2025-10-21,76076.59963346446,76076.59963346446,0.0,47821.6841283913,0.0,0.0,47821.6841283913,0.0,47821.6841283913,21290.12129887965,16938.149271972314,5262.046256557119,4941.218903182955,320.8273533741648,2777.012511535031,3117.9558227796974
2025-10-22,72059.75604700053,72059.75604700053,0.0,45296.60652063792,0.0,0.0,45296.60652063792,0.0,45296.60652063792,20307.915376940702,16994.960688319763,3191.9046583795925,2547.3394056159495,644.5652527636433,3117.9558227796974,2511.7900083376994
2025-10-23,82940.3946172308,82940.3946172308,0.0,52263.96020985163,0.0,0.0,52263.96020985163,0.0,52263.96020985163,17520.88764654902,13968.388653563186,16008.398590911635,13069.61797424497,2938.780616666666,2511.7900083376994,2760.1570529393894
2025-10-24,32077.153193397146,32077.153193397146,0.0,17127.0088590762,0.0,0.0,17127.0088590762,0.0,17127.0088590762,16164.149297510809,13741.320882036936,11234.274061256607,0.0,11234.274061256607,2760.1570529393894,2039.7571073247402
2025-10-25,33297.61342740017,33297.61342740017,0.0,17578.848430664817,0.0,0.0,17578.848430664817,0.0,17578.848430664817,16483.651767843327,13309.082976634898,10724.611902858407,11.775893618504908,10712.836009239902,2039.7571073247402,2087.1737243449625
2025-10-26,76840.02647870475,76840.02647870475,11.873789998878237,48192.153224143956,0.0,0.0,48192.153224143956,58.54965848446859,48250.70288262842,18274.488986226446,14226.938881114533,8260.038146925042,6102.063246925042,2157.9749,2087.1737243449625,2726.503944043729
2025-10-27,69173.93820094314,69173.93820094314,0.0,43770.789303332655,0.0,0.0,43770.789303332655,0.0,43770.789303332655,20189.15127268853,16718.861815861514,2151.0670774494583,956.5105941161246,1194.5564833333335,2726.503944043729,2320.226960728396
2025-10-28,69361.610402521,69361.610402521,383.70764521042867,43824.11059397691,0.0,0.0,43824.11059397691,1577.3618369906142,45401.47243096753,19641.28255300704,16376.780622237344,508.3944169617222,440.1780526702132,68.21636429150897,2320.226960728396,1800.9583448376823
2025-10-29,77884.46946666985,77884.46946666985,0.0,49172.94223071504,0.0,0.0,49172.94223071504,0.0,49172.94223071504,21270.865139373247,16742.340456673373,4043.6879839699795,3791.203114772093,252.48486919788618,1800.9583448376823,2342.1364628587407
2025-10-30,68402.57104228294,68402.57104228294,300.99161964171066,43129.089038066304,0.0,0.0,43129.089038066304,1205.2529060731342,44334.341944139436,20515.077202652385,17209.19221654292,609.8600258151955,609.8600258151955,0.0,2342.1364628587407,1684.381260198204
2025-10-31,35794.92504122546,35794.92504122546,0.0,19751.579434517014,0.0,0.0,19751.579434517014,0.0,19751.579434517014,17099.685303901602,13286.61790396171,8077.565574618908,1579.8434088728457,6497.722165746062,1684.381260198204,2311.1892515299714
2025-11-01,33534.753360901865,33534.753360901865,68.955273694661,18245.883131131945,0.0,0.0,18245.883131131945,150.35308895931368,18396.236220091258,16255.941558852684,12920.400920665006,7724.129563075517,271.62609206574325,7452.503471009773,2311.1892515299714,2585.5356315362724
2025-11-02,74072.0209291498,74072.0209291498,38.27646800223749,47184.790212632586,0.0,0.0,47184.790212632586,186.87678962970762,47371.66700226229,21726.918479722688,17787.133200881803,1374.128184977824,1374.128184977824,0.0,2585.5356315362724,2376.2809289735824
2025-11-03,79530.02849283916,79530.02849283916,2.154536287263113,50416.398916634156,0.0,0.0,50416.398916634156,4.69258003365906,50421.09149666781,19242.070589780335,15229.645566958821,6014.827722971584,5258.901406304917,755.9263166666665,2376.2809289735824,2772.31605204386
2025-11-04,73000.91210872389,73000.91210872389,0.0,46298.91432258528,0.0,0.0,46298.91432258528,0.0,46298.91432258528,19802.197790063754,16687.85803784565,2306.500323172455,1435.2005779461851,871.2997452262696,2772.31605204386,2052.229576606069
2025-11-05,83115.28077439638,83115.28077439638,0.0,53231.241281234164,0.0,0.0,53231.241281234164,0.0,53231.241281234164,20792.670909839042,15682.781505783621,8327.371303674294,7485.193503674294,842.1778000000003,2052.229576606069,3340.3206112571893
2025-11-06,75728.99662937483,75728.99662937483,0.0,48315.20173351619,0.0,0.0,48315.20173351619,0.0,48315.20173351619,20951.55373096662,17597.305556790438,1005.1639051986492,1005.1639051986492,0.0,3340.3206112571893,2644.1572393599927
2025-11-07,34262.73721273926,34262.73721273926,4.380456684992623,18519.918787990326,0.0,0.0,18519.918787990326,18.11537862078699,18538.034166611113,17404.74307121042,14279.754550894742,7823.667365775236,0.0,7823.667365775236,2644.1572393599927,2442.0320580107777
2025-11-08,35275.845417922916,35275.845417922916,0.0,18997.352328006702,0.0,0.0,18997.352328006702,0.0,18997.352328006702,16684.783484057727,13429.28910076093,8229.143934626121,286.5089436910666,7942.634990935055,2442.0320580107777,2536.9048594839187
2025-11-09,79658.66397678899,79658.66397678899,0.0,50931.74682572999,0.0,0.0,50931.74682572999,0.0,50931.74682572999,20699.170367466708,16323.081649241061,3935.7580752300087,3323.061975230009,612.6960999999998,2536.9048594839187,3029.400802158326
2025-11-10,79556.66084686093,79556.66084686093,17.702266666666674,51156.679547462234,0.0,0.0,51156.679547462234,70.72055533333337,51227.40010279557,20811.629746528488,17177.04699146373,2081.3372584628514,2081.3372584628514,0.0,3029.400802158326,2674.259805740928
2025-11-11,81849.79217660008,81849.79217660008,0.0,52777.78408438084,0.0,0.0,52777.78408438084,0.0,52777.78408438084,18893.480371700676,15265.751596098835,6663.043734331568,5818.487050998236,844.5566833333331,2674.259805740928,2716.4459223839467
2025-11-12,78881.36316222668,78881.36316222668,0.0,50475.52478898526,0.0,0.0,50475.52478898526,0.0,50475.52478898526,20914.32731179289,16922.746347505858,3933.794447939658,3820.660472151077,113.13397578858095,2716.4459223839467,2736.289005768814
2025-11-13,76646.0300386309,76646.0300386309,528.0377382047791,49097.03729102951,0.0,0.0,49097.03729102951,2074.387710202193,51171.4250012317,18846.554497818146,15810.386970491432,1742.0289328422882,1533.460349508955,208.56858333333332,2736.289005768814,2131.091419925769
2025-11-14,36248.58265907154,36248.58265907154,0.0,19938.76832529714,0.0,0.0,19938.76832529714,0.0,19938.76832529714,17632.770044469366,13861.691389844975,4879.048704447144,583.7583311232004,4295.290373323943,2131.091419925769,2598.705137898228
2025-11-15,38852.66965063676,38852.66965063676,0.0,21245.50409748783,0.0,0.0,21245.50409748783,0.0,21245.50409748783,16953.544979563656,13711.231641359946,7398.469395766383,1470.329070012139,5928.140325754244,2598.705137898228,2622.1937957722425
2025-11-16,79536.79235052565,79536.79235052565,91.19142953721939,50880.66200156021,0.0,0.0,50880.66200156021,405.0012477348044,51285.663249295016,21896.338925107193,17608.465170126903,905.5656417492418,905.5656417492418,0.0,2622.1937957722425,2763.9375282277097
2025-11-17,76799.61908935028,76799.61908935028,502.9152710033169,49421.392964739905,0.0,0.0,49421.392964739905,2286.2671861870235,51707.660150926924,20968.649911440058,16893.757966284033,531.8880818642309,531.8880818642309,0.0,2763.9375282277097,2864.880263763728
2025-11-18,80245.53026392944,80245.53026392944,0.0,51621.44261762872,0.0,0.0,51621.44261762872,0.0,51621.44261762872,22138.01077760911,17698.31519110816,915.2828440951513,915.2828440951513,0.0,2864.880263763728,3124.295306825088
2025-11-19,78430.75014182736,78430.75014182736,169.89984688753248,50459.79167049163,0.0,0.0,50459.79167049163,768.8244705993661,51228.61614109099,21022.77389871045,18054.918065536564,264.4825555410131,264.4825555410131,0.0,3124.295306825088,1983.7717428460874
2025-11-20,79754.14886697438,79754.14886697438,259.26473871799124,51114.064758975896,0.0,0.0,51114.064758975896,1118.8423529980134,52232.90711197391,21878.741575155465,17041.931988853252,383.52798605683006,383.52798605683006,0.0,1983.7717428460874,2739.159172871281
2025-11-21,35574.64124280051,35574.64124280051,0.0,19662.004822011302,0.0,0.0,19662.004822011302,0.0,19662.004822011302,17261.74857581596,13989.040693066436,3437.5492933843198,189.94430453368864,3247.6049888506313,2739.159172871281,2731.3543432540537
2025-11-22,40411.77944203163,40411.77944203163,0.0,21926.57856033557,0.0,0.0,21926.57856033557,0.0,21926.57856033557,17064.946265074977,13837.17069278778,6964.174386411097,1114.4984453668972,5849.6759410442,2731.3543432540537,2715.171878723994
2025-11-23,79962.35907925174,79962.35907925174,90.01639098900523,51400.966723862606,0.0,0.0,51400.966723862606,380.0563485317694,51781.023072394375,22188.540666443983,17849.458497820975,481.197018284391,481.197018284391,0.0,2715.171878723994,2852.1268142780514
2025-11-24,77583.679908958,77583.679908958,291.636811747897,49798.859911164494,0.0,0.0,49798.859911164494,1273.6176591646142,51072.47757032911,20664.337064164167,17270.16844448478,319.20440102652253,319.20440102652253,0.0,2852.1268142780514,2260.9541225982653
2025-11-25,90335.66018958873,90335.66018958873,0.0,58795.272463910216,0.0,0.0,58795.272463910216,0.0,58795.272463910216,20176.057801781237,15672.89466630018,9663.836587441008,9216.488487441007,447.3481000000005,2260.9541225982653,3005.078737201176
2025-11-26,85084.51637154692,85084.51637154692,0.0,54851.05562156376,0.0,0.0,54851.05562156376,0.0,54851.05562156376,22501.756879822744,17886.27348304965,3711.366091440494,3711.366091440494,0.0,3005.078737201176,3383.0227256531484
2025-11-27,81855.54598314069,81855.54598314069,0.0,53000.76111956791,0.0,0.0,53000.76111956791,0.0,53000.76111956791,20379.013857016176,16664.85665493011,2360.4960477212944,2360.4960477212944,0.0,3383.0227256531484,3207.627802600917
2025-11-28,37174.5353842077,37174.5353842077,0.0,20299.033578874158,0.0,0.0,20299.033578874158,0.0,20299.033578874158,17782.445536030158,15010.211130358544,3481.062428536086,207.15540165640363,3273.9070268796822,3207.627802600917,2533.816417963009
2025-11-29,47673.594899389274,47673.594899389274,0.0,25780.07819386973,0.0,0.0,25780.07819386973,0.0,25780.07819386973,17365.073259982506,13590.222132026965,8969.293671433732,5383.496721433732,3585.7969499999995,2533.816417963009,3062.1355385839724
2025-11-30,84872.785551144,84872.785551144,174.00507060267023,54612.34448637968,0.0,0.0,54612.34448637968,677.3911012994072,55289.73558767909,22091.02783786572,18365.510739172823,1076.4454063870971,1076.4454063870971,0.0,3062.1355385839724,2537.9375491377587
2025-12-01,89346.2614596032,89346.2614596032,2404.902802644648,58394.51702651622,0.0,0.0,58394.51702651622,10061.795245718213,68456.31227223443,22496.352703597353,17851.01683604765,806.9006613648124,806.9006613648124,0.0,2537.9375491377587,2950.1918312113157
2025-12-02,92109.2918569133,92109.2918569133,2743.0608578534725,59843.02639184467,0.0,0.0,59843.02639184467,11880.90468321337,71723.93107505805,22139.002335857716,18413.67555097322,2489.2159798822763,2489.2159798822763,0.0,2950.1918312113157,2415.654432401894
2025-12-03,82891.17734390753,82891.17734390753,6914.228462644744,53608.63735255663,0.0,0.0,53608.63735255663,32241.016983208963,85849.65433576559,18069.82346625859,15427.166226372976,0.0,0.0,0.0,2415.654432401894,1537.199744953539
2025-12-04,91403.9975443626,91403.9975443626,3722.681563826052,59452.727940465644,0.0,0.0,59452.727940465644,15061.003310485892,74513.73125095153,23931.858381312966,18634.440460813552,3058.0524376892376,3058.0524376892376,0.0,1537.199744953539,2370.9384427868235
2025-12-05,43436.18879959382,43436.18879959382,1613.6623833115823,23658.76883752247,0.0,0.0,23658.76883752247,4718.742504043333,28377.511341565805,19251.151843655905,16059.38636031311,546.4580162292772,546.4580162292772,0.0,2370.9384427868235,1853.2124795070135
2025-12-06,46594.230950978446,46594.230950978446,1221.1943193773589,25051.204780650514,0.0,0.0,25051.204780650514,3403.1312793872607,28454.33606003778,19894.525622153742,15890.11360226905,146.382433804445,146.382433804445,0.0,1853.2124795070135,2102.6037591464356
2025-12-07,94304.94247067663,94304.94247067663,689.6956210299572,61071.75886949965,0.0,0.0,61071.75886949965,2491.3057711534925,63563.064640653145,24132.82422869234,19122.006575150932,2331.1391881651884,2331.1391881651884,0.0,2102.6037591464356,2575.4715925796163
2025-12-08,101769.79917086645,101769.79917086645,0.0,66784.27276217945,0.0,0.0,66784.27276217945,0.0,66784.27276217945,20964.68088809614,16372.582298276848,9330.489464380487,9330.489464380487,0.0,2575.4715925796163,3251.926282669644
2025-12-09,99911.83851518895,99911.83851518895,0.0,65808.43869657507,0.0,0.0,65808.43869657507,0.0,65808.43869657507,20845.494582763324,17109.34560732364,8787.235273082606,8787.235273082606,0.0,3251.926282669644,3002.4873990192577
2025-12-10,95458.14241029728,95458.14241029728,22.663838328897555,62294.90861619745,0.0,0.0,62294.90861619745,93.81695876247143,62388.72557495991,22845.466820827714,18549.180161238328,2796.9011223701245,2796.9011223701245,0.0,3002.4873990192577,2953.2073586104975
2025-12-11,99567.76029200919,99567.76029200919,0.0,65304.69052796001,0.0,0.0,65304.69052796001,0.0,65304.69052796001,20806.09879109504,16678.17539754632,9478.582198460475,9478.582198460475,0.0,2953.2073586104975,3147.3902733223476
2025-12-12,51151.24917974196,51151.24917974196,0.0,28250.384604881452,0.0,0.0,28250.384604881452,0.0,28250.384604881452,16579.85027226251,13963.717819223017,4820.703243369131,2808.7195933691305,2011.9836500000001,3147.3902733223476,2554.0134969997002
2025-12-13,53594.62477067603,53594.62477067603,6.252871754996908,29553.274845166623,0.0,0.0,29553.274845166623,29.313462787425504,29582.588307954047,16891.79952896679,13162.923321628828,6073.4680517597335,4389.355085093066,1684.1129666666666,2554.0134969997002,3131.162715704449
2025-12-14,94337.0204657775,94337.0204657775,687.342413890911,61324.70406879109,0.0,0.0,61324.70406879109,3150.5605249527125,64475.26459374381,22395.548822993132,18434.847437829114,2284.9396945043977,2284.9396945043977,0.0,3131.162715704449,2803.9928365881333
2025-12-15,93981.3572306683,93981.3572306683,307.13199153703994,61246.44092313908,0.0,0.0,61246.44092313908,1381.109870647389,62627.55079378647,22244.623233435148,18549.334599938436,1123.6426220419726,1123.6426220419726,0.0,2803.9928365881333,2213.781968970397
2025-12-16,100122.99024992643,100122.99024992643,0.0,66029.9977866266,0.0,0.0,66029.9977866266,0.0,66029.9977866266,21774.894613237655,16891.296039645495,5821.300343000929,5821.300343000929,0.0,2213.781968970397,3043.0804101670647
2025-12-17,99764.44161008814,99764.44161008814,0.0,65305.47869837601,0.0,0.0,65305.47869837601,0.0,65305.47869837601,21229.262984875135,17107.458144593467,7450.789703139796,7450.789703139796,0.0,3043.0804101670647,3141.13026922861
2025-12-18,94466.0537158867,94466.0537158867,0.0,62090.682690860565,0.0,0.0,62090.682690860565,0.0,62090.682690860565,22276.88373379581,18018.749240271474,2841.6522556956975,2841.6522556956975,0.0,3141.13026922861,3169.493140454315
2025-12-19,48952.999113528684,48952.999113528684,0.0,27329.321723257053,0.0,0.0,27329.321723257053,0.0,27329.321723257053,17250.447878458865,14660.303572838962,3454.463507908782,2004.8613982694465,1449.6021096393354,3169.493140454315,2405.6700390240067
2025-12-20,52394.50006326736,52394.50006326736,0.0,29004.612316420647,0.0,0.0,29004.612316420647,0.0,29004.612316420647,18100.43470991036,14275.179477984297,5712.892581341293,3567.19154800796,2145.7010333333333,2405.6700390240067,2834.7507468496756
2025-12-21,97886.10347986258,97886.10347986258,0.0,63742.97722918906,0.0,0.0,63742.97722918906,0.0,63742.97722918906,22600.618766400534,17816.393816070715,4064.0966628660944,4064.0966628660944,0.0,2834.7507468496756,3379.314507642695
2025-12-22,95494.20703825651,95494.20703825651,0.0,62766.13655151095,0.0,0.0,62766.13655151095,0.0,62766.13655151095,21577.00343494174,18002.64769535011,2982.4242153315563,2982.4242153315563,0.0,3379.314507642695,2795.67571536791
2025-12-23,98532.30780759353,98532.30780759353,0.0,64528.81634797195,0.0,0.0,64528.81634797195,0.0,64528.81634797195,21379.18801491511,17002.363523442753,6897.39078278784,6897.39078278784,0.0,2795.67571536791,3145.4299027440047
2025-12-24,96607.27522816423,96607.27522816423,0.0,63580.025028915145,0.0,0.0,63580.025028915145,0.0,63580.025028915145,21143.76316337671,17455.163187726248,5064.115935847104,5064.115935847104,0.0,3145.4299027440047,2780.190985642773
2025-12-25,93724.33279801391,93724.33279801391,0.0,60937.21238953831,0.0,0.0,60937.21238953831,0.0,60937.21238953831,22831.870985042566,18430.739947799986,1510.753227437995,1510.753227437995,0.0,2780.190985642773,2850.2749301811027
2025-12-26,49601.29566096505,49601.29566096505,17.010043556141966,27479.18716824729,0.0,0.0,27479.18716824729,36.852259364381574,27516.03942761167,18456.88195473865,14910.42686337055,3064.2281798197655,1919.4336840026351,1144.7944958171302,2850.2749301811027,2894.3277301452727
2025-12-27,51043.0581274868,51043.0581274868,0.0,27961.732962524675,0.0,0.0,27961.732962524675,0.0,27961.732962524675,18369.300588067177,14744.547649186312,4079.496121939266,2590.431442238901,1489.0646797003649,2894.3277301452727,3043.86753808761
2025-12-28,96112.51716525631,96112.51716525631,0.0,62790.03921957668,0.0,0.0,62790.03921957668,0.0,62790.03921957668,21509.668519232506,17025.06506594491,4818.658961968716,4818.658961968716,0.0,3043.86753808761,3485.8302432358505
2025-12-29,95138.28525969553,95138.28525969553,0.0,62051.838616785855,0.0,0.0,62051.838616785855,0.0,62051.838616785855,21565.549039115336,17681.320826687996,3730.2907806015314,3730.2907806015314,0.0,3485.8302432358505,3248.912348786324
2025-12-30,95363.93146068702,95363.93146068702,0.0,62316.42715812481,0.0,0.0,62316.42715812481,0.0,62316.42715812481,21729.953865286287,17827.783810166686,5237.358805567412,5237.358805567412,0.0,3248.912348786324,2997.2221495809995
2025-12-31,97499.85185065944,97499.85185065944,0.0,63569.06502968172,0.0,0.0,63569.06502968172,0.0,63569.06502968172,22040.93549205261,18100.474487676976,4912.9679129504775,4912.9679129504775,0.0,2997.2221495809995,2722.4257727872628
